$ANSIBLE_VAULT;1.1;AES256
64323336643835353130333263653939376666656666643038363330326465636331376636366466
3963633433643834646631323439646561336339643733640a393064636139636438646437656133
34346165393832653263666231626436393662666433396634646236663932373761303965633664
3939353230663865340a643136326566346661383463303235613332623636373362313861386233
35633762666634326430616562313462323238383135656237663865303438373331353232316638
61623462623038356530613039636262363532343234326633313162626238363633396132303838
65386464313839663635393939393130393032356330626639363430656161636464383234343362
38656637333438353333356161623932613937363164373234663935653966316131613035386639
64383131386234313632613763303266356661323064313638363466666233353135643831336639
35313563366433366232383162353963616333306464373930616239623632633961363338333932
35313639343831323036656363363464353337343430663130346430386466303763666134623564
61313030373534303864393363326632646336333836663862656162636136393162386635383965
36323530393531663736346432303233616532633838633262376237643639646630336531373335
34663732396437613765613131343137623761353738343136306639306133643033343163306434
61336461346165343864386134636637343632666564346233633536336630636637353736383536
33666463303163643666636230373265633232396237343466623231613062653438363830633862
38666264386239353436313936656434346233666537653435653961616633316330306636366536
65663234323962346435396432346138333263363138343064633233333731363534376663386332
65373732633734386164653637346362613532643139323338363333396661313663326666613962
64343262333931323962356336303565383235623734323764616238646362326532616138366162
66326538323430303564393437393433303339326637303566656136633034313938633430383233
62363831366263383437333635656539316330323632666532633032353036316132366530323461
62616665336164313734323462323033356137656665633638636464616530653839353939666366
35336332626462346232363731353061343164373236663331386333643537303335653734306161
38316238633339306531626137303164303164643239366236373536323262623936346564393537
64373330613063616139316334396163653431326539373433346130613861303832343933303364
65306534313861313236623139383537383031333366353638376632663861346434633633303138
36313739333634633965333232303434613062373538623733386564373464643966303130323864
36313763653035356137323737303662653231353265333334336661646236613265643666656163
34363430663461663738343332333162633633343830633237306332383839326530663463353832
37373365343262323230306563333735656538653438326233373164303064623936653131326532
38633564303766303539313162353865316438396563656537316533633133643339326634613337
35323962346661316131656131343434613334346564363166346338666664376662303734626361
39323635303538313261353761343234303938333065623038303061396439353336393162393062
34623131356266343263313264636665643730366563663030313162653263633833366265386163
61373232383433666233303561306464333830656464316334393337653139363134393461316566
37393335653138343135653038643135366266636231646665613931303835303761373133386232
30653064366139636264616139663035373839336633623537323565393333393330366566643731
61376632333162393831386266663733653837386330363437303839353733353438623334393831
66643039313434653934333530626631376335663836313231663435373765383831626236653738
62666362326461626162366631646234376138353931393461356534626462656330363639316536
64616235313361313439386539353930633161313239323434643264663263373137396132343062
30303432653364336534646536306630313336623863663462343336616230353634373433346434
65666637656439353865326561326135343361336237636663313762316661353431346535376361
39353961353461336531373261336630343730626430326136393034646662363965323533336538
34396138633562353834323837356433653537613032343139353835303962623734366437653630
33646635666464643731396337646363336630386331646562313064366263303265363538383465
62363030643361386564623632326466313030616566373936393966633034303064633834333138
38656531636164636366393230643431616561626431623563393534383437663630363962383964
39313962333937396465666661343833353530633662363732626130373563376461623131616565
36386162346364343665636538373163366532386161663365393263303062323234376438306661
32326139353832313835343265663537306136386636643530626534626164376135613365633039
39336432376266636631346464356134383937336263306464376664326637613831393764636439
37336466373934626330663632653633643237366461653639323839366531343964386534633363
39356133396634383239666463326534646637333366636538666665303538333730353661353662
35323761323332633464393666356232336330386665306239623161343939646362303965646662
35396435323139386464383730663336356438356164306662646261313937616265643039373833
36343932636565313163353562623066396266363862346535623836383461313733663061643266
66646130383737326565363337313135366661353336623734646537646661386239316535663866
64633139646637636264663533636534613034313863363236343766613437646362356130353363
65323463306233366530616130383637623165353633653232323130363736383665656637313731
32373761333035336433303633653532626238313935316636643335366566643838626132663763
61323366313762316265653162353163386534353436393937326639633762386337656436666639
38383834343033346132333432653165313337336633356638353136666436393061616131666662
37636132613632356164663138373837323137653765633462386661306161306261666437663963
62633261386663653765336662303737393966393733316130326638323464363930376637363030
61633766373530643736643830333636386137336437323738656434343930653634356163616333
33353034613931313162623563396330356563633637386164303161633333316662376530346232
31663462393035643566363036633231323531333634653531663633386266336431323864656238
37303362316465623439393966623366306266353662306363386464633034356264333836386462
63623364663736643564613037363662663836663933313663613937373264333936393866633030
35313463353464626133393232366438626333393562383133653339326263613664633064653233
66616162336161313763353633323637326533613331633636373733366564306364663730653635
64313933383539393938383764396336383130343763383838383838373032616339393762303333
30303337383766383337353466643534363463376532373635333130653236623132306632303530
36656534336235383262353464333332333233326434666466636131353131386536333639613064
39333237363765333465386131353166666664346332643466623733663632383838613739643863
35393435356565316662356234303533343837303462343762633132633539303138333061353630
37656331653136353133306665303434663263353330626538363834316338303163373333386535
39643264383239623938356135636234646561396361363933643731663166353939663162323130
34633332623638663766656435316266336664316464306463373933623936393865333639393633
63343439623734663337343731643561643063346463366165376538393037333135333763346231
65636561626435643337393434656330393535623334323736343264383661613236333833653963
35336530363233653663323538643261636236646562353832613430663431363734326437346233
65653936376537366530373335353730313731633730323532613036376439303964646265666661
66633063356232623031353464303633616266333665313763663762373531663632636538613637
34633135363762303336373162653131653664656132363730313264316164346666353736663864
34346434353033343739
